FWC,0,1,2,3,6,12,13,15,16,18
MEX,2(2),7,11,12,13,15,18,20
RSA,1(2),2,3,4,5,6,7,8,9,10,11,12,13(2),14,15,16,17,18,19,20(2)
KOR,2(2),4,6,7(2),8,9,10,11,14,15,19
CZE,1,6,8,16
CAN,1,4(2),12,14,15,16,19
BIH,1,3,4,7,11,12,13,14,16,20
QAT,1,2(3),3,4(2),5,9,12,13,15,16,18,19,20
SUI,1(5),2,3,5(2),7,9,11,14,15,17,18,19
BRA,2,3(2),4,5,7,8(2),9(4),10,11,12,13,14,17,18,20
MAR,2,8,9(2),10,11,12,13,14(2),15,16,17,18,19
HAI,3,5,9,11,13(3),14,15,16,17,18,19,20
SCO,1,2,3,8,9,16,17,18,19,20
USA,2,3,4,6(2),11,12,13,16,18,20
PAR,2,3,4,5,6,8,11,13,15,17,18,20
AUS,2,8,9,10,12,14,15,19(2),20
TUR,1,3,7,8,15,17
GER,1,2,6,8,9,18,20
CUW,3,6,7,8,9,14,15,17,19
CIV,1(2),5,7,9,10,16,17,18,20
ECU,2,4,5,6,10,11,12,14,16,17
NED,1,2,3,4(2),6,7,9,10,13,14,15,17,18
JAP,1,2,4,6(2),7,9,10,16,17(2),18,20
SWE,1,5,7,8,10,14,18,20
TUN,1,2,5,7,9,10,11,13,16,18,19,20(2)
BEL,2,4,7,10,13,14,19,20
EGY,1,2,3,4,8(2),9,11,13,14,15,16
IRN,1,6,7,9,10,11,13,14,15,16,17,19
NZL,1,4,5,7,11,12,14,19
ESP,2,3,4,6,7,9,11,12,13,16,17,18
CPV,1,2,4,5,6,7,8,10,11,12,13,15,16,17,18,19,20
KSA,1,3,4(2),5,6,11,14,18,19,20
URU,2,4,5,6,9,12,13,16,17,20
FRA,2,3,4,5,7,10,14,16,17,19
SEN,1,2,3,5,8,9,11,13,17
IRQ,14,15,20
NOR,3(2),5,7,11,12,16,18,20
ARG,4,5,10,12,13,15,20
ALG,1,4,6,7,10,11,12,13,15,17,18,19,20
AUT,1,5,6,7(2),8,9,10,11,12,13,14,16,17,18
JOR,1,2(2),3,4,7,9,10,11,12,13,14,17,20(2)
POR,1(2),2,5,6,9,13,14,17
COD,2,3,7,10,11,17,18,20
UZB,1,2,3,4,5,6,7,9,11,12,13,14,17,18(2),19
COL,2,4,6,11,13,15,17,19
ENG,2,3(2),10,11,13(2),15,16,19
CRO,1,2,3,4,6,8,10,11,12,13,19
GHA,2,3,4(2),6,10,11,12,15,16,17
PAN,2(2),5(2),6,9,11,16,18,19
CC,1,2(2),3(3),4(4)